translation:
  x: 0.002750687643596015
  y: -0.03218442620377004
  z: 0.04089445184084759
rotation:
  x: -0.006511592410124204
  y: -0.002525245843528989
  z: 0.5493965553430102
  w: 0.8355325530911102
