translation:
  x: 0.03669714911452027
  y: 0.02120647929621636
  z: 0.04102952286256903
rotation:
  x: -0.0006510300845686835
  y: -0.01596254010349809
  z: 0.06764658325315086
  w: 0.9975814318878673
