translation:
  x: 0.006080808793355431
  y: -0.001810017270607653
  z: 0.04849736565741768
rotation:
  x: 0.0005507244909728809
  y: 0.002950018310050801
  z: -0.05387278199745449
  w: 0.9985432977364377
