translation:
  x: -0.02657369679629407
  y: 0.02751481814187475
  z: 0.0422102126719863
rotation:
  x: 0.0007537223272309127
  y: 0.002546119471843261
  z: -0.05387555716873288
  w: 0.9985441269758925
