translation:
  x: -0.036837
  y: -0.000697
  z: 0.03824
rotation:
  x: -0.005988124975854573
  y: 0.001984967983819098
  z: -0.04226929222237177
  w: 0.9990863372083498
