translation:
  x: 0.00498057569617681
  y: 0.04324128934026372
  z: 0.03663138990068725
rotation:
  x: -0.00691587925285732
  y: 0.005859104880423906
  z: 0.004926318689546578
  w: 0.999946785028248
