translation:
  x: 0.02992090463999191
  y: 0.007240139838282094
  z: 0.03795151761775155
rotation:
  x: -0.005695778189127716
  y: 0.01322687728071664
  z: -0.5165014465287141
  w: 0.8561652081006137
