translation:
  x: 0.03561293108087833
  y: 0.004717768155151921
  z: 0.04099107297077714
rotation:
  x: 0.002454221277626567
  y: -0.006757165160517806
  z: 0.9999717618400336
  w: 0.002189301133476197
