translation:
  x: 0.02222420806169539
  y: 0.007109379977899478
  z: 0.03952381519857623
rotation:
  x: -0.008793385854665173
  y: -0.01155376654143337
  z: 0.9376988152996119
  w: -0.3471456734997878
