translation:
  x: 0.006519378890988082
  y: -0.0004845015571121151
  z: 0.05959097547449514
rotation:
  x: 0.001370544062047368
  y: -0.004158033979590351
  z: -0.02749588149243752
  w: 0.9996123292873855
