translation:
  x: -0.01104014518597126
  y: -0.003658886596087654
  z: 0.03699299878688999
rotation:
  x: 0.01231920736014372
  y: -0.002304038550340426
  z: -0.599863558391189
  w: 0.8000041498958845
